ID	S1	S2	S3	S4	S5	S6	S7	S8	S9	S10	S11	S12	S13	S14	S15	S16	S17	S18	S19	S20	S21	S22	S23	S24	S25	S26	S27	S28	S29	S30	S31	S32	S33	S34	S35	S36
chr1_0_10000000	2	0	0	0	0	0	2	0	0	0	0	0	0	0	1	0	0	0	0	1	0	0	0	2	0	0	0	0	0	0	0	0	0	0	0	0
chr1_10000000_20000000	2	0	0	1	0	0	2	0	0	2	0	0	0	0	1	0	0	0	0	1	1	0	0	2	0	0	0	0	0	0	0	0	0	0	0	0
chr1_20000000_30000000	2	0	2	1	0	0	2	0	0	2	0	0	0	0	1	0	0	0	0	1	1	0	0	2	0	0	0	0	0	0	0	0	0	0	0	0
chr1_30000000_40000000	2	0	2	1	0	0	2	0	0	2	0	0	0	0	1	0	0	0	0	1	1	0	0	2	0	0	0	0	0	0	0	0	0	0	0	0
chr1_40000000_50000000	2	0	2	1	0	0	2	0	0	2	0	0	0	0	1	0	0	0	0	1	1	2	0	2	0	0	0	0	0	0	0	0	0	0	0	0
chr1_50000000_60000000	2	0	2	1	0	0	2	0	0	2	0	0	0	0	1	0	0	0	0	1	1	2	0	2	0	0	0	0	0	0	0	0	0	0	0	0
chr1_60000000_70000000	2	0	2	1	0	0	2	0	0	2	0	0	0	0	1	0	0	0	0	1	1	2	0	2	0	0	0	0	0	0	0	0	0	0	0	0
chr1_70000000_80000000	2	0	2	1	0	0	2	0	0	2	0	0	0	0	1	0	0	0	0	1	1	2	0	2	0	0	0	0	0	0	0	0	0	0	0	0
chr1_80000000_90000000	2	0	2	1	0	0	2	0	0	2	0	0	0	0	1	0	0	0	0	1	1	2	0	2	0	0	0	0	0	0	0	0	0	0	0	0
chr1_90000000_100000000	2	0	2	1	0	0	2	0	0	2	0	0	0	0	1	0	0	0	0	1	1	2	0	2	0	0	0	0	0	0	0	0	0	0	0	0
chr1_100000000_110000000	2	0	2	1	0	0	2	0	0	2	0	0	0	0	1	0	0	0	0	1	1	2	0	2	0	0	0	0	0	0	0	0	0	0	0	0
chr1_110000000_120000000	2	0	2	1	0	0	2	0	0	2	0	0	0	0	1	0	0	0	0	1	1	2	0	2	0	0	0	0	0	0	0	0	0	0	0	0
chr1_120000000_130000000	2	0	2	1	0	0	2	0	0	0	0	0	0	0	1	0	0	0	0	1	1	2	0	2	0	0	0	0	0	0	0	0	0	0	0	0
chr1_130000000_140000000	2	0	2	1	0	0	2	0	0	0	0	0	0	0	1	0	0	0	0	1	1	2	0	2	0	0	0	0	0	0	0	0	0	0	0	0
chr1_140000000_150000000	2	0	2	1	0	0	2	0	0	0	0	0	0	0	1	0	0	0	0	1	1	2	0	2	0	0	0	0	0	0	0	0	0	0	0	0
chr1_150000000_160000000	0	0	2	1	0	0	2	0	0	0	0	0	0	0	1	0	0	0	0	1	1	2	0	2	0	0	0	0	0	0	0	0	0	0	0	0
chr1_160000000_170000000	0	0	2	1	0	0	2	0	0	0	0	0	0	0	1	0	0	0	0	1	1	2	0	2	0	0	0	0	0	0	0	0	0	0	0	0
chr1_170000000_180000000	0	0	2	1	0	0	2	0	0	0	0	0	0	0	1	0	0	0	0	1	1	2	0	2	0	0	0	0	0	0	0	0	0	0	0	0
chr1_180000000_190000000	0	0	2	1	0	0	2	0	0	0	0	0	0	0	1	0	0	0	0	1	1	2	0	2	0	0	0	0	0	0	0	0	0	0	0	0
chr1_190000000_200000000	0	0	2	1	0	0	2	0	0	0	0	0	0	0	1	0	0	0	0	1	1	2	0	2	0	0	0	0	0	0	0	0	0	0	0	0
chr1_200000000_210000000	0	0	2	1	0	0	2	0	0	0	0	0	0	0	1	0	0	0	0	1	1	2	0	2	0	0	0	0	0	0	0	0	0	0	0	0
chr1_210000000_220000000	0	0	0	1	0	0	2	0	0	0	0	0	0	0	1	0	0	0	0	1	1	2	0	2	0	0	0	0	0	0	0	0	0	0	0	0
chr1_220000000_230000000	0	0	0	1	0	0	2	0	0	0	0	0	0	0	1	0	0	0	0	1	1	2	0	2	0	0	0	0	0	0	0	0	0	0	0	0
chr1_230000000_240000000	0	0	0	1	0	0	2	0	0	0	0	0	0	0	1	0	0	0	0	1	1	2	0	0	0	0	0	0	0	0	0	0	0	0	0	0
chr1_240000000_249250621	0	0	0	1	0	0	0	0	0	0	0	0	0	0	1	0	0	0	0	0	1	0	0	0	0	0	0	0	0	0	0	0	0	0	0	0
chr2_0_10000000	0	0	0	0	0	0	0	0	2	0	0	0	0	0	0	0	0	0	0	0	0	2	0	0	0	0	0	0	0	0	0	0	0	0	0	0
chr2_10000000_20000000	0	0	0	0	1	0	1	0	2	0	0	0	0	0	0	0	0	0	0	0	0	2	0	0	0	0	0	0	0	0	0	0	0	0	0	0
chr2_20000000_30000000	0	0	0	0	1	0	1	0	2	0	0	0	0	0	0	0	0	0	0	0	0	2	0	0	0	0	0	1	0	0	0	0	0	0	0	1
chr2_30000000_40000000	0	0	0	0	1	0	1	0	2	2	0	0	0	0	0	0	0	0	1	0	0	2	0	0	0	0	0	1	0	0	0	0	0	0	2	1
chr2_40000000_50000000	0	1	0	0	1	0	1	0	2	2	0	0	0	0	0	0	0	0	1	0	0	2	0	0	0	0	0	1	0	1	0	0	0	0	2	1
chr2_50000000_60000000	0	1	0	0	1	0	1	0	2	2	0	0	0	0	0	0	0	0	1	0	0	2	0	0	0	0	0	1	0	1	0	0	0	0	2	1
chr2_60000000_70000000	0	1	0	0	1	0	1	0	2	2	0	0	0	0	0	0	0	0	1	1	0	2	0	0	0	0	0	1	0	1	0	0	0	0	2	1
chr2_70000000_80000000	0	1	0	0	1	0	1	0	2	2	0	0	0	0	0	0	0	0	1	1	0	2	0	0	0	0	0	1	0	1	0	0	0	0	2	1
chr2_80000000_90000000	0	1	0	0	1	0	1	0	2	2	0	0	0	0	0	1	0	0	1	1	0	2	0	0	0	0	0	1	0	1	0	0	0	0	2	1
chr2_90000000_100000000	0	1	0	0	1	0	1	0	2	2	0	0	0	0	0	1	0	0	1	1	0	2	0	0	0	0	0	1	0	1	0	0	0	0	2	1
chr2_100000000_110000000	0	1	0	0	1	0	1	0	2	2	0	0	0	0	0	0	0	0	1	1	0	2	0	0	0	0	0	1	0	1	0	0	0	0	0	1
chr2_110000000_120000000	0	1	0	0	1	0	1	0	2	2	0	0	0	0	0	0	0	0	1	1	0	2	0	0	0	0	0	1	0	1	0	0	0	0	0	1
chr2_120000000_130000000	0	1	0	0	0	0	1	0	2	2	0	0	0	0	0	0	0	0	1	1	0	2	0	0	0	0	0	1	0	1	0	0	0	0	0	1
chr2_130000000_140000000	0	1	0	0	0	0	0	0	2	2	0	0	0	0	0	0	0	0	1	1	0	2	0	0	0	0	0	1	0	1	0	0	0	0	0	1
chr2_140000000_150000000	0	1	0	0	0	0	0	0	2	2	0	0	0	0	0	0	0	0	1	1	0	2	0	0	0	0	0	1	0	1	0	0	0	0	0	1
chr2_150000000_160000000	0	1	0	0	0	0	0	0	2	2	0	0	0	0	0	0	0	0	1	1	0	2	0	0	0	0	0	1	0	1	0	0	0	0	0	1
chr2_160000000_170000000	0	1	0	0	0	0	0	0	2	2	0	0	0	0	0	0	0	0	1	1	0	2	0	1	0	0	0	1	0	1	0	0	0	0	0	1
chr2_170000000_180000000	0	1	0	0	0	0	0	0	2	0	0	0	0	0	0	0	0	0	1	1	0	2	0	1	0	0	0	1	0	0	0	0	0	0	0	1
chr2_180000000_190000000	0	1	0	0	0	0	0	0	2	0	0	0	0	0	0	0	0	0	1	1	0	2	0	1	0	0	0	1	0	0	0	0	0	0	0	1
chr2_190000000_200000000	0	0	0	0	0	0	0	0	2	0	0	0	0	0	0	0	0	0	1	1	0	2	0	1	0	0	0	1	0	0	0	0	0	0	0	1
chr2_200000000_210000000	0	0	0	0	0	0	0	0	2	0	0	0	0	0	0	0	0	0	1	1	0	2	0	1	0	0	0	1	0	0	0	0	0	0	0	1
chr2_210000000_220000000	0	0	0	0	0	0	0	0	2	0	0	0	0	0	0	0	0	0	1	1	0	2	0	1	0	0	0	1	0	0	0	0	0	0	0	1
chr2_220000000_230000000	0	0	0	0	0	0	0	0	2	0	0	0	0	0	0	0	0	0	1	1	0	2	0	1	0	0	0	1	0	0	0	0	0	0	0	1
chr2_230000000_240000000	0	0	0	0	0	0	0	0	2	0	0	0	0	0	0	0	0	0	0	1	0	2	0	0	0	0	0	1	0	0	0	0	0	0	0	1
chr2_240000000_243199373	0	0	0	0	0	0	0	0	0	0	0	0	0	0	0	0	0	0	0	0	0	0	0	0	0	0	0	1	0	0	0	0	0	0	0	0
chr3_0_10000000	0	0	0	0	0	0	0	0	0	0	0	0	0	0	0	0	0	0	0	0	0	0	0	0	0	0	0	0	0	0	0	0	0	0	0	0
chr3_10000000_20000000	0	0	0	0	0	0	0	0	0	0	0	0	0	0	1	0	0	0	0	0	0	0	0	0	0	0	0	0	0	0	1	0	0	0	0	0
chr3_20000000_30000000	0	0	0	0	0	0	0	0	0	0	0	0	0	0	1	1	0	0	0	0	0	0	0	0	0	0	0	0	0	0	1	0	0	0	0	0
chr3_30000000_40000000	0	0	0	0	0	0	0	0	0	0	0	0	0	0	1	1	0	0	0	0	0	0	0	0	0	0	0	0	2	0	1	0	0	0	0	0
chr3_40000000_50000000	0	0	0	0	0	0	0	0	0	0	0	0	0	0	1	1	0	0	0	0	0	0	0	0	0	0	0	0	2	0	1	0	0	0	0	0
chr3_50000000_60000000	0	0	0	0	0	0	0	0	0	0	0	0	0	0	1	1	0	0	0	0	0	0	0	0	0	0	0	0	2	0	1	0	0	0	0	0
chr3_60000000_70000000	0	0	0	0	0	0	0	0	0	0	0	0	0	0	1	1	2	0	0	0	0	0	0	0	0	0	0	0	2	0	1	0	0	0	0	0
chr3_70000000_80000000	0	0	0	0	0	0	0	0	0	0	0	0	0	0	1	1	2	0	0	0	0	0	0	0	0	0	0	0	2	0	1	0	0	0	0	0
chr3_80000000_90000000	0	0	0	0	0	0	0	0	0	0	0	0	0	0	1	1	2	0	0	0	0	0	0	0	0	0	0	0	2	0	1	0	0	0	0	0
chr3_90000000_100000000	0	0	0	0	0	0	0	0	0	0	0	0	0	0	1	1	2	0	0	0	0	0	0	0	0	0	0	0	2	0	1	0	0	0	0	0
chr3_100000000_110000000	0	0	0	0	0	0	0	0	0	0	0	0	0	0	1	1	2	0	0	0	0	0	0	0	0	0	0	0	2	0	1	0	0	0	0	0
chr3_110000000_120000000	0	0	0	0	0	0	0	0	0	0	0	0	0	0	1	1	2	0	0	0	0	0	0	0	0	0	0	0	2	0	1	0	0	0	0	0
chr3_120000000_130000000	0	0	0	0	0	0	0	0	0	0	0	0	0	0	1	1	2	0	0	0	0	0	0	0	0	0	0	0	2	0	1	0	0	0	0	0
chr3_130000000_140000000	0	0	0	0	0	0	0	0	0	0	0	0	0	0	1	1	2	0	0	0	0	0	0	0	0	0	0	0	2	0	1	0	0	0	0	0
chr3_140000000_150000000	0	0	0	0	0	0	0	0	0	0	0	0	0	0	1	1	2	0	0	0	0	0	0	0	0	0	0	0	2	0	1	0	0	0	0	0
chr3_150000000_160000000	0	0	0	0	0	0	0	0	0	0	0	0	0	0	1	1	2	0	0	0	0	0	0	0	0	0	0	0	2	0	1	0	0	0	0	0
chr3_160000000_170000000	0	0	0	0	0	0	0	0	0	0	0	0	0	0	1	1	2	0	0	0	0	0	0	0	0	0	0	0	2	0	1	0	0	0	0	0
chr3_170000000_180000000	0	0	0	0	0	0	0	0	0	0	0	0	0	0	1	1	2	0	0	0	0	0	0	0	0	0	0	0	2	0	1	0	0	0	0	0
chr3_180000000_190000000	0	0	0	0	0	0	0	0	0	0	0	0	0	0	0	1	0	0	0	0	0	0	0	0	0	0	0	0	2	0	0	0	0	0	0	0
chr3_190000000_198022430	0	0	0	0	0	0	0	0	0	0	0	0	0	0	0	1	0	0	0	0	0	0	0	0	1	0	0	0	0	0	0	0	0	0	0	0
chr4_0_10000000	0	0	0	0	0	0	0	0	0	0	0	0	0	0	0	1	0	0	0	0	0	0	0	0	0	0	0	0	0	1	0	0	0	0	0	0
chr4_10000000_20000000	0	0	0	0	0	0	0	0	0	0	0	0	0	0	0	1	0	0	0	0	0	0	0	0	0	0	0	0	0	1	0	0	0	1	0	0
chr4_20000000_30000000	0	0	0	0	0	0	0	0	0	0	0	0	0	0	0	1	0	0	0	0	0	0	0	0	0	0	0	0	0	1	0	0	0	1	0	0
chr4_30000000_40000000	0	0	0	0	0	0	0	0	0	0	0	0	0	0	0	1	0	0	0	0	0	0	0	0	0	0	0	0	0	1	0	0	0	1	0	0
chr4_40000000_50000000	0	0	0	0	0	0	0	0	0	0	0	0	0	0	0	1	0	0	0	0	0	0	0	0	0	0	0	0	0	1	0	0	0	1	0	0
chr4_50000000_60000000	0	0	0	0	0	0	0	0	0	0	0	0	0	0	0	1	0	0	0	0	0	0	0	0	0	0	0	0	0	1	0	0	0	1	0	0
chr4_60000000_70000000	0	0	0	0	0	0	0	0	0	0	0	0	0	0	0	1	0	0	0	0	0	0	0	0	0	0	0	0	0	1	0	0	0	1	0	0
chr4_70000000_80000000	0	0	0	0	0	0	0	0	0	0	0	0	0	0	0	1	0	0	0	0	0	0	0	0	0	0	0	0	0	1	0	0	0	1	0	0
chr4_80000000_90000000	0	0	0	0	0	0	0	0	0	0	0	0	0	0	0	1	0	0	0	0	0	0	0	0	0	0	0	0	0	1	0	0	0	1	0	0
chr4_90000000_100000000	0	0	0	0	0	0	0	0	0	0	0	0	0	0	0	1	0	0	0	0	0	0	0	0	0	0	0	0	0	1	0	0	0	1	0	0
chr4_100000000_110000000	0	0	0	0	0	0	0	0	0	0	0	0	0	0	0	1	0	0	0	0	0	0	0	0	0	0	0	0	0	1	0	0	0	1	0	0
chr4_110000000_120000000	0	0	0	0	0	0	0	0	0	0	0	0	0	0	0	1	0	0	0	0	0	0	0	0	0	0	0	0	0	1	0	0	0	1	0	0
chr4_120000000_130000000	0	0	0	0	0	0	0	0	0	0	0	0	0	0	0	1	0	0	0	0	0	0	0	0	0	0	0	0	0	1	0	0	0	1	0	0
chr4_130000000_140000000	0	0	0	0	0	0	0	0	0	0	0	0	0	0	0	1	0	0	0	0	0	0	0	0	0	0	0	0	0	1	0	0	0	1	0	0
chr4_140000000_150000000	0	0	0	0	0	0	0	0	0	0	0	0	0	0	0	1	0	0	0	0	0	0	0	0	0	0	0	0	0	0	0	0	0	1	0	0
chr4_150000000_160000000	0	0	0	0	0	0	0	0	0	0	0	0	0	0	0	1	0	0	0	0	0	0	0	0	0	0	0	0	0	0	0	0	0	1	0	0
chr4_160000000_170000000	0	0	0	0	0	0	0	0	0	0	0	0	0	0	0	1	0	0	0	0	0	0	0	0	0	0	0	0	0	0	0	0	0	1	0	0
chr4_170000000_180000000	0	0	0	0	0	0	0	0	0	0	0	0	0	0	0	1	0	0	0	0	0	0	0	0	0	0	0	0	0	0	0	0	0	1	0	0
chr4_180000000_190000000	0	0	0	0	0	0	0	0	0	0	0	0	0	0	0	1	0	0	0	0	0	0	0	0	0	0	0	0	0	0	0	0	0	0	0	0
chr4_190000000_191154276	0	0	0	0	0	0	0	0	0	0	0	0	0	0	0	0	0	0	0	0	0	0	0	0	0	0	0	0	0	0	0	0	0	0	0	0
chr5_0_10000000	1	0	0	0	0	0	0	0	1	0	0	0	1	0	1	0	0	1	0	0	0	0	0	0	0	2	0	0	0	0	0	0	0	0	0	0
chr5_10000000_20000000	1	0	0	0	0	0	1	0	1	0	0	0	1	0	1	0	0	1	0	0	0	0	0	0	0	2	0	0	0	0	0	0	0	0	0	0
chr5_20000000_30000000	1	0	0	0	0	0	1	0	1	0	0	0	1	0	1	0	0	1	0	0	0	0	0	0	0	2	0	0	0	0	0	0	0	0	0	0
chr5_30000000_40000000	1	0	0	0	0	0	1	0	1	0	0	0	1	0	1	0	0	1	0	0	0	0	0	0	0	2	0	0	0	0	0	0	0	0	0	0
chr5_40000000_50000000	1	0	0	0	0	0	1	0	1	0	0	0	1	0	1	0	0	1	0	0	0	0	0	0	0	2	0	0	0	0	0	0	0	0	0	0
chr5_50000000_60000000	1	0	0	0	0	0	1	0	1	0	0	0	1	0	1	0	0	1	0	0	0	0	0	1	0	2	0	0	0	0	0	0	1	0	0	0
chr5_60000000_70000000	1	0	0	0	0	0	0	0	1	0	0	0	1	0	1	0	0	1	0	0	0	0	0	1	0	2	0	0	0	0	0	0	1	0	0	0
chr5_70000000_80000000	1	0	0	0	2	0	0	0	1	0	0	0	1	0	1	0	0	1	0	0	0	0	0	1	0	2	0	0	0	0	0	0	1	0	0	0
chr5_80000000_90000000	1	0	0	0	2	0	0	0	1	0	0	0	1	0	1	0	0	1	0	0	0	0	0	1	0	2	0	0	0	0	0	0	1	0	0	0
chr5_90000000_100000000	1	0	0	0	2	0	0	0	1	0	0	0	1	0	1	0	0	1	0	0	0	0	0	1	0	2	0	0	0	0	0	0	1	0	0	0
chr5_100000000_110000000	1	0	0	0	2	0	0	0	1	0	0	0	1	0	1	0	0	1	0	0	0	0	0	1	0	2	0	0	0	0	0	0	1	0	0	0
chr5_110000000_120000000	1	0	0	0	2	0	0	0	1	0	0	0	1	0	1	0	0	1	0	0	0	0	0	1	0	2	0	0	0	0	0	0	1	0	0	0
chr5_120000000_130000000	1	0	0	0	2	0	0	0	1	0	0	0	1	0	1	0	0	1	0	0	0	0	0	1	0	2	0	0	0	1	0	0	1	0	0	0
chr5_130000000_140000000	1	0	0	0	2	0	0	0	1	0	0	0	1	0	1	0	0	1	0	0	0	0	0	1	0	2	0	0	0	1	0	0	1	0	0	0
chr5_140000000_150000000	1	0	0	0	0	0	0	0	1	0	0	0	1	0	1	0	0	1	0	0	0	0	0	1	0	2	0	0	0	0	0	0	1	0	0	0
chr5_150000000_160000000	1	0	0	0	0	0	0	0	0	0	0	0	1	0	1	0	0	1	0	0	0	0	0	0	0	2	0	0	0	0	0	0	1	0	0	0
chr5_160000000_170000000	1	0	0	0	0	0	0	0	0	0	0	0	1	0	1	0	0	1	0	0	0	0	0	0	0	2	0	0	0	0	0	0	1	0	0	0
chr5_170000000_180000000	0	0	0	0	0	0	0	0	0	0	0	0	1	0	1	0	0	0	0	0	0	0	0	0	0	2	0	0	0	0	0	0	0	0	0	0
chr5_180000000_180915260	0	0	0	0	0	0	0	0	0	0	0	0	1	0	0	0	0	0	0	0	0	0	0	0	0	0	0	0	0	0	0	0	0	0	0	0
chr6_0_10000000	0	0	0	0	1	0	0	0	0	1	0	0	0	0	0	0	0	0	0	0	0	0	0	0	1	0	0	0	0	1	1	0	0	1	0	0
chr6_10000000_20000000	0	0	0	0	1	0	0	0	0	1	0	0	0	0	0	0	0	2	0	0	0	2	0	0	1	0	0	0	0	1	1	0	0	1	0	0
chr6_20000000_30000000	0	0	0	0	1	0	0	0	0	1	0	0	0	0	0	0	0	2	0	0	0	2	0	0	1	0	0	0	0	1	1	0	0	1	0	0
chr6_30000000_40000000	0	1	0	0	1	0	0	0	0	1	0	0	0	0	0	0	0	2	0	0	0	2	0	0	1	0	0	0	0	1	1	0	0	1	0	0
chr6_40000000_50000000	0	1	0	0	1	0	0	0	0	1	0	0	0	0	0	0	0	2	0	0	0	2	0	0	1	0	0	0	0	1	1	0	0	1	0	0
chr6_50000000_60000000	0	1	0	0	1	0	0	0	0	1	0	0	0	0	0	0	0	2	0	0	0	2	0	0	1	0	0	0	0	1	1	0	0	1	0	0
chr6_60000000_70000000	0	1	0	0	1	0	0	0	0	1	0	0	0	0	0	0	0	2	0	0	0	2	0	0	1	0	0	0	0	1	1	0	0	1	0	0
chr6_70000000_80000000	0	1	0	0	1	0	0	0	0	1	0	0	0	0	0	0	0	2	0	0	0	2	0	0	1	0	0	0	1	1	1	0	0	1	0	0
chr6_80000000_90000000	0	1	0	0	1	0	0	0	0	1	0	0	0	0	0	0	0	2	0	0	0	2	0	0	1	0	0	0	1	1	1	0	0	1	0	0
chr6_90000000_100000000	0	1	0	0	1	0	0	0	0	1	0	0	0	0	0	0	0	2	0	0	0	2	0	0	1	0	0	0	1	1	1	0	0	1	0	0
chr6_100000000_110000000	0	1	0	0	1	0	0	0	0	1	0	0	0	0	0	0	0	2	0	0	0	2	0	0	1	0	0	0	1	1	1	0	0	1	0	0
chr6_110000000_120000000	0	1	0	0	1	0	0	0	0	1	0	0	0	0	0	0	0	2	0	0	0	2	0	0	1	0	0	0	1	1	1	0	0	1	0	0
chr6_120000000_130000000	0	1	0	0	1	0	0	0	0	1	0	0	0	0	0	0	0	2	0	0	0	2	0	0	1	0	0	0	1	1	1	0	0	1	0	0
chr6_130000000_140000000	0	1	0	0	1	0	0	0	0	1	0	0	0	0	0	0	0	2	0	0	0	2	0	0	1	0	0	0	1	1	1	0	0	1	0	0
chr6_140000000_150000000	0	1	0	0	1	0	0	0	0	1	0	0	0	0	0	0	0	2	0	0	0	2	0	0	1	0	0	0	1	1	1	0	0	1	0	0
chr6_150000000_160000000	0	1	0	0	1	0	0	0	0	1	0	0	0	0	0	0	0	2	0	0	0	2	0	0	1	0	0	0	1	1	1	0	0	1	0	0
chr6_160000000_170000000	0	0	0	0	1	0	0	0	0	0	0	0	0	0	0	0	0	2	0	0	0	2	0	0	0	0	0	0	1	1	1	0	0	1	0	0
chr6_170000000_171115067	0	0	0	0	1	0	0	0	0	0	0	0	0	0	0	0	0	0	0	0	0	0	0	0	0	0	0	0	0	0	0	0	0	0	0	0
chr7_0_10000000	0	0	0	0	0	1	1	0	0	1	0	0	0	0	1	0	0	0	0	0	0	0	0	0	0	1	1	0	0	0	0	0	0	2	1	0
chr7_10000000_20000000	0	0	0	0	0	1	1	0	0	1	0	0	0	0	1	0	0	0	0	0	0	0	0	0	0	1	1	1	0	0	0	0	0	2	1	0
chr7_20000000_30000000	0	0	0	0	0	1	1	0	0	1	0	0	0	0	1	1	0	0	0	0	0	0	0	0	0	1	1	1	0	0	1	0	0	2	1	0
chr7_30000000_40000000	0	0	0	0	0	1	1	0	0	1	0	0	0	0	1	1	0	0	0	0	0	0	0	0	0	1	1	1	0	0	1	0	0	2	1	0
chr7_40000000_50000000	0	0	0	0	0	1	1	0	1	1	0	0	0	0	1	1	0	0	0	0	0	0	0	0	0	1	1	1	0	0	1	0	0	2	1	0
chr7_50000000_60000000	0	0	0	0	0	1	1	0	1	1	0	0	0	0	1	1	0	0	0	0	0	0	0	0	0	1	1	1	0	0	1	0	0	2	1	0
chr7_60000000_70000000	0	0	0	0	0	1	1	0	1	1	0	0	0	0	1	1	0	0	0	0	0	0	0	0	0	1	1	1	0	0	1	0	0	2	1	0
chr7_70000000_80000000	0	0	0	0	0	1	1	0	1	1	0	0	0	0	1	1	0	0	0	0	0	0	0	0	0	1	1	1	0	0	1	0	0	2	1	0
chr7_80000000_90000000	0	0	0	0	0	1	1	0	1	1	0	0	0	0	1	1	0	0	0	0	0	0	0	0	0	1	1	1	0	0	1	0	0	2	1	0
chr7_90000000_100000000	0	0	0	0	0	1	1	0	1	1	0	0	0	0	1	1	0	0	0	0	0	0	0	0	0	1	1	1	0	0	1	1	0	2	1	0
chr7_100000000_110000000	0	0	0	0	0	1	1	0	0	1	0	0	0	0	1	1	0	0	0	0	0	0	0	0	0	1	1	1	0	0	1	1	0	2	1	0
chr7_110000000_120000000	0	0	0	0	0	1	1	0	0	1	0	0	0	0	1	1	0	0	0	0	0	0	0	0	0	1	1	1	0	0	1	1	0	2	1	0
chr7_120000000_130000000	0	0	0	0	0	1	1	0	0	1	0	0	0	0	1	1	0	0	0	0	0	0	0	0	0	1	1	1	0	0	1	1	0	2	1	0
chr7_130000000_140000000	0	0	0	0	0	1	1	0	0	0	0	0	0	0	1	1	0	0	0	0	0	0	0	0	0	1	1	1	0	0	1	1	0	0	1	0
chr7_140000000_150000000	0	0	0	0	0	1	1	0	0	0	0	0	0	0	1	1	0	0	0	0	0	0	0	0	0	1	1	1	0	0	1	1	0	0	1	0
chr7_150000000_159138663	0	0	0	0	0	1	1	0	0	0	0	0	0	0	1	1	0	0	0	0	0	0	0	0	0	1	0	1	0	0	1	0	0	0	1	0
chr8_0_10000000	0	0	0	0	0	0	0	0	0	0	0	0	0	0	1	0	0	0	0	0	0	0	0	0	0	1	0	0	0	1	0	0	0	0	0	0
chr8_10000000_20000000	2	0	0	0	0	0	0	0	0	0	0	0	0	0	1	1	2	0	0	0	0	0	0	0	0	1	0	0	1	1	0	0	0	0	0	0
chr8_20000000_30000000	2	0	0	0	0	1	0	0	0	0	0	0	0	0	1	1	2	0	0	0	0	0	0	1	0	1	0	0	1	1	0	0	0	0	0	0
chr8_30000000_40000000	2	0	0	0	0	1	0	0	0	0	0	0	0	0	1	1	2	0	2	0	0	0	0	1	0	1	0	0	1	1	0	0	0	0	0	0
chr8_40000000_50000000	2	0	0	0	0	1	0	0	0	0	0	0	0	0	1	1	2	0	2	0	0	0	0	1	0	1	0	0	1	1	0	0	0	0	0	0
chr8_50000000_60000000	2	0	0	0	0	1	0	0	0	0	0	0	0	0	1	1	2	0	2	0	0	0	0	1	0	1	0	0	1	1	0	0	0	0	0	0
chr8_60000000_70000000	2	0	0	0	0	1	0	0	0	0	0	0	0	0	1	1	2	0	2	0	0	0	0	1	0	1	0	0	1	1	0	0	0	0	0	0
chr8_70000000_80000000	2	0	0	0	0	1	0	0	0	0	0	0	0	0	1	1	2	0	2	0	0	0	0	1	0	1	0	0	1	1	0	0	0	0	0	0
chr8_80000000_90000000	2	0	0	0	0	1	0	0	0	0	0	0	0	0	1	1	2	0	2	0	0	0	0	1	0	1	0	0	1	1	0	0	0	0	0	0
chr8_90000000_100000000	2	0	0	0	0	1	0	0	0	0	0	0	0	0	1	1	2	0	2	0	0	0	0	1	0	1	0	0	1	1	0	0	0	0	0	0
chr8_100000000_110000000	2	0	0	0	0	1	0	0	0	0	0	0	0	0	1	1	2	0	2	0	0	0	0	1	0	1	0	0	1	1	0	0	0	0	0	0
chr8_110000000_120000000	2	0	0	0	0	1	0	0	0	0	0	0	0	0	1	1	2	0	2	0	0	0	0	1	0	1	0	0	1	1	0	0	0	0	0	0
chr8_120000000_130000000	2	0	0	0	0	1	0	0	0	0	0	0	0	0	1	1	2	0	2	0	0	0	0	0	0	1	0	0	1	1	0	0	0	0	0	0
chr8_130000000_140000000	2	0	0	0	0	1	0	0	0	0	0	0	0	0	1	1	2	0	2	0	0	0	0	0	0	1	0	0	1	1	0	0	0	0	0	0
chr8_140000000_146364022	0	0	0	0	0	1	0	0	0	0	0	0	0	0	1	0	0	0	2	0	0	0	0	0	0	1	0	0	1	1	0	0	0	0	0	0
chr9_0_10000000	0	0	0	0	0	1	0	0	0	0	0	0	0	0	0	0	0	0	0	0	1	0	0	0	0	0	0	0	1	0	0	0	0	0	0	0
chr9_10000000_20000000	0	0	0	0	0	1	0	0	0	0	0	0	0	0	0	0	0	0	0	0	1	0	0	0	0	0	0	0	1	0	0	0	0	0	0	0
chr9_20000000_30000000	0	0	0	0	0	1	0	0	0	0	0	0	0	0	1	0	0	0	0	0	1	0	0	0	0	0	0	0	1	0	0	0	0	0	0	0
chr9_30000000_40000000	0	0	0	0	0	1	0	0	0	0	0	0	0	0	1	1	0	0	0	0	1	0	1	0	0	0	0	0	1	0	0	0	0	0	0	0
chr9_40000000_50000000	0	0	0	0	0	0	0	0	0	0	0	0	0	0	1	1	0	0	0	0	1	0	1	0	0	0	0	0	1	0	0	0	0	0	0	0
chr9_50000000_60000000	0	0	0	0	0	0	0	0	0	0	0	0	0	0	1	1	0	0	0	0	1	0	1	0	0	0	0	0	1	0	0	0	0	0	0	0
chr9_60000000_70000000	0	0	0	0	0	0	0	0	0	0	0	0	0	0	1	1	0	0	0	0	1	0	1	0	0	0	0	0	1	0	0	0	0	0	0	0
chr9_70000000_80000000	0	0	0	0	0	0	0	0	0	0	0	0	0	0	1	1	0	0	0	0	1	0	1	0	0	0	0	0	1	0	0	0	0	0	0	0
chr9_80000000_90000000	0	0	0	0	0	0	0	0	0	0	0	0	0	0	1	1	0	0	0	0	1	0	1	0	0	0	0	0	1	0	0	0	0	0	0	0
chr9_90000000_100000000	0	0	0	0	0	0	0	0	0	0	0	0	0	0	1	1	0	0	0	0	1	0	1	0	0	0	0	0	1	0	0	0	0	0	0	0
chr9_100000000_110000000	0	0	0	0	0	0	0	0	0	0	0	0	0	0	1	1	0	0	0	0	1	0	1	0	0	0	0	0	1	1	0	0	0	0	0	0
chr9_110000000_120000000	0	0	0	0	0	0	0	0	0	0	0	0	0	0	1	1	0	0	0	0	1	0	1	0	0	0	0	0	1	1	0	0	0	0	0	0
chr9_120000000_130000000	0	0	0	0	0	0	0	0	0	0	0	0	0	0	1	1	0	0	0	0	1	0	1	0	0	0	0	0	1	1	0	0	0	0	0	0
chr9_130000000_140000000	0	0	0	0	0	0	0	0	0	0	0	0	0	0	1	0	0	0	0	0	1	0	1	0	0	0	0	0	1	0	0	0	0	0	0	0
chr9_140000000_141213431	0	0	0	0	0	0	0	0	0	0	0	0	0	0	1	0	0	0	0	0	1	0	0	0	0	0	0	0	0	0	0	0	0	0	0	0
chr10_0_10000000	0	0	0	0	1	0	0	0	0	0	0	0	0	0	0	0	0	0	0	1	0	0	0	0	0	0	0	2	0	0	1	0	0	0	1	0
chr10_10000000_20000000	0	0	0	0	1	0	0	0	1	0	0	0	0	0	0	0	0	0	0	1	0	0	0	0	0	0	0	2	0	0	1	0	0	0	1	0
chr10_20000000_30000000	0	0	0	0	1	0	0	0	1	0	0	0	0	0	0	0	0	0	0	1	0	0	0	0	0	0	0	2	0	0	1	0	0	0	1	0
chr10_30000000_40000000	0	0	0	0	1	0	0	0	1	0	0	0	0	0	0	0	0	0	0	1	0	0	0	0	0	0	0	2	0	0	1	0	0	0	1	0
chr10_40000000_50000000	0	0	0	0	1	0	0	0	1	0	0	0	0	0	0	2	0	0	0	1	0	0	0	0	0	0	0	2	0	0	1	0	0	0	1	0
chr10_50000000_60000000	0	0	0	0	1	0	0	0	1	0	0	0	0	0	0	2	0	0	0	1	0	0	0	0	0	0	0	2	0	0	1	0	0	0	1	0
chr10_60000000_70000000	0	0	0	0	1	0	0	0	1	0	0	0	0	0	0	2	0	0	0	1	0	0	0	0	2	0	0	2	0	0	1	0	0	0	1	0
chr10_70000000_80000000	0	0	0	0	1	0	0	0	1	0	0	0	0	0	0	2	0	0	0	1	0	0	0	0	2	1	0	2	0	0	1	0	0	0	1	0
chr10_80000000_90000000	0	0	0	0	1	0	0	0	1	0	0	0	0	0	0	2	0	0	0	1	0	0	0	0	2	1	0	2	0	0	1	0	0	0	1	0
chr10_90000000_100000000	0	0	0	0	1	0	0	0	1	0	0	0	0	0	0	2	0	0	0	1	0	0	0	0	2	1	0	2	0	0	1	0	0	0	1	0
chr10_100000000_110000000	0	0	0	0	1	0	0	0	1	0	0	0	0	0	0	2	0	0	0	1	0	0	0	0	2	1	0	2	0	0	1	0	0	0	1	0
chr10_110000000_120000000	0	0	0	0	1	0	0	0	1	0	0	0	0	0	0	2	0	0	0	1	0	0	0	0	2	1	0	2	0	0	0	0	0	0	1	0
chr10_120000000_130000000	0	0	0	0	1	0	0	0	1	0	0	0	0	0	0	2	0	0	0	1	0	0	0	0	2	0	0	2	0	0	0	0	0	0	0	0
chr10_130000000_135534747	0	0	0	0	0	0	0	0	1	0	0	0	0	0	0	2	0	0	0	1	0	0	0	0	0	0	0	2	0	0	0	0	0	0	0	0
chr11_0_10000000	0	0	0	0	2	2	0	0	0	1	0	0	0	0	0	1	0	0	0	0	0	0	0	0	0	0	0	0	0	1	0	0	0	0	0	0
chr11_10000000_20000000	0	0	0	0	2	2	0	0	0	1	0	0	0	0	0	1	0	0	0	0	0	0	0	0	0	0	0	0	0	1	0	0	0	0	0	0
chr11_20000000_30000000	0	0	0	0	2	2	0	0	0	1	0	0	0	0	0	1	1	0	0	0	0	0	0	0	0	0	0	0	0	1	0	0	0	0	0	0
chr11_30000000_40000000	0	0	0	0	2	2	0	0	0	1	0	0	0	0	0	1	1	2	0	0	0	0	0	2	0	0	0	0	0	1	0	0	0	0	0	0
chr11_40000000_50000000	0	0	0	0	2	2	0	0	0	1	0	0	0	0	0	1	1	2	0	0	0	0	0	2	1	1	0	0	1	1	0	0	0	0	0	0
chr11_50000000_60000000	0	0	0	0	2	2	0	0	0	1	0	0	0	0	0	1	1	2	0	0	0	0	0	2	1	1	0	0	1	1	0	0	0	0	0	0
chr11_60000000_70000000	0	0	0	0	2	2	0	0	0	1	0	0	0	0	0	1	1	2	1	0	0	0	0	2	1	1	0	0	1	1	0	0	0	0	0	0
chr11_70000000_80000000	0	0	0	0	2	2	0	0	0	1	0	0	0	0	0	1	1	2	1	0	0	0	0	0	1	1	0	0	1	1	0	0	0	0	0	0
chr11_80000000_90000000	0	0	0	0	2	2	0	0	0	1	0	0	0	0	0	1	1	2	1	0	0	0	0	0	1	0	0	0	1	1	0	0	0	0	0	0
chr11_90000000_100000000	0	0	0	0	2	2	0	0	0	1	0	0	0	0	0	1	0	2	1	0	0	0	0	0	1	0	0	0	1	1	0	0	0	0	0	0
chr11_100000000_110000000	0	0	0	0	2	2	0	0	0	1	0	0	0	0	0	1	0	2	1	0	0	0	0	0	1	0	0	0	1	1	0	0	0	0	0	0
chr11_110000000_120000000	0	0	0	0	2	2	0	0	0	1	0	0	0	0	0	1	0	2	0	0	0	0	0	0	0	0	0	0	1	1	0	0	0	0	0	0
chr11_120000000_130000000	0	0	0	0	0	2	0	0	0	1	0	0	0	0	0	0	0	2	0	0	0	0	0	0	0	0	0	0	1	1	0	0	0	0	0	0
chr11_130000000_135006516	0	0	0	0	0	0	0	0	0	0	0	0	0	0	0	0	0	2	0	0	0	0	0	0	0	0	0	0	0	1	0	0	0	0	0	0
chr12_0_10000000	0	0	0	0	0	0	0	0	0	0	0	0	0	0	0	0	0	0	0	0	0	0	0	0	0	0	0	0	0	1	0	0	0	0	0	0
chr12_10000000_20000000	0	0	0	0	0	0	0	0	0	0	0	0	0	0	0	0	0	0	0	0	0	0	0	0	0	0	0	1	0	1	0	0	0	0	0	0
chr12_20000000_30000000	0	0	0	0	0	0	0	0	2	0	0	0	0	0	0	0	0	0	0	0	0	0	0	0	0	2	0	1	0	1	0	0	0	0	0	0
chr12_30000000_40000000	0	0	0	0	0	0	0	0	2	0	0	0	0	0	0	0	0	0	0	0	0	0	0	0	0	2	0	1	0	1	0	0	0	0	0	0
chr12_40000000_50000000	0	0	0	0	0	0	0	0	2	0	0	2	0	0	0	0	0	0	0	0	0	0	0	0	0	2	0	1	0	1	0	0	0	0	0	0
chr12_50000000_60000000	0	0	0	0	0	0	0	0	2	0	0	2	0	0	1	0	0	0	0	0	0	0	0	0	0	0	0	1	0	1	0	0	0	0	0	0
chr12_60000000_70000000	0	0	0	0	0	0	0	0	2	0	0	2	0	0	1	0	0	0	0	0	0	0	0	0	0	0	0	1	0	1	0	0	0	0	0	0
chr12_70000000_80000000	0	0	0	0	0	0	0	0	2	0	0	2	0	0	1	0	0	0	0	0	0	0	0	0	0	0	0	1	0	1	0	0	0	0	0	0
chr12_80000000_90000000	0	0	0	0	0	0	0	0	2	0	0	2	0	0	1	0	0	0	0	0	0	0	0	0	0	0	0	1	0	1	0	0	0	0	0	0
chr12_90000000_100000000	0	0	0	0	0	0	0	0	2	0	0	2	0	0	1	0	0	0	0	0	0	0	0	0	0	0	0	1	0	1	0	0	0	0	0	0
chr12_100000000_110000000	0	0	0	0	0	0	0	0	2	0	0	2	0	0	1	0	0	0	0	0	0	0	0	0	0	0	0	1	0	1	0	0	0	0	0	0
chr12_110000000_120000000	0	0	0	0	0	0	0	0	2	0	0	2	0	0	1	0	0	0	0	0	0	0	0	0	0	0	0	1	0	1	1	0	0	0	0	0
chr12_120000000_130000000	0	0	0	0	0	0	0	0	0	0	0	2	0	0	1	0	0	0	0	0	0	0	0	0	0	0	0	1	0	1	1	0	0	0	0	0
chr12_130000000_133851895	0	0	0	0	0	0	0	0	0	0	0	2	0	0	1	0	0	0	0	0	0	0	0	0	0	0	0	0	0	0	1	0	0	0	0	0
chr13_0_10000000	0	0	0	0	0	0	0	0	0	0	0	0	0	0	0	0	0	0	0	0	0	0	0	0	0	0	0	0	0	0	0	0	0	0	0	0
chr13_10000000_20000000	0	0	0	0	0	0	0	0	0	0	0	0	0	0	0	0	0	0	0	0	0	0	0	0	0	0	0	0	1	0	0	0	0	0	0	0
chr13_20000000_30000000	0	0	0	0	0	0	0	0	0	0	0	0	0	0	0	0	1	0	0	0	0	0	0	0	0	0	0	0	1	0	0	0	0	0	0	0
chr13_30000000_40000000	0	0	0	0	0	0	0	0	0	1	0	0	0	0	0	0	1	0	0	0	0	0	0	0	0	0	0	0	0	0	0	0	0	0	0	0
chr13_40000000_50000000	0	0	0	0	0	0	0	0	0	1	0	0	0	0	0	0	1	0	0	0	0	0	0	0	0	0	0	0	0	0	0	0	0	0	0	0
chr13_50000000_60000000	0	0	0	0	0	0	0	0	0	1	0	0	0	0	0	0	1	0	0	0	0	0	0	0	0	0	0	0	0	0	0	0	0	0	0	0
chr13_60000000_70000000	0	0	0	0	0	0	0	0	0	1	0	0	0	0	0	0	1	0	0	0	0	0	0	0	0	0	0	0	0	0	0	0	0	0	0	0
chr13_70000000_80000000	0	0	0	0	0	0	0	0	0	1	0	0	0	0	0	0	1	0	0	0	0	0	0	0	0	0	0	0	0	0	0	0	0	0	0	0
chr13_80000000_90000000	0	0	0	0	0	0	0	0	0	1	0	0	0	0	0	0	1	0	0	0	0	0	0	0	0	0	0	0	0	0	0	0	0	0	0	0
chr13_90000000_100000000	0	0	0	0	0	0	0	0	0	1	0	0	0	0	0	0	1	0	0	0	0	0	0	0	0	0	0	0	0	0	0	0	0	0	0	0
chr13_100000000_110000000	0	0	0	0	0	0	0	0	0	1	0	0	0	0	0	0	1	0	0	0	0	0	0	0	0	0	0	0	0	0	0	0	0	0	0	0
chr13_110000000_115169878	0	0	0	0	0	0	0	0	0	1	0	0	0	0	0	0	1	0	0	0	0	0	0	0	0	0	0	0	0	0	0	0	0	0	0	0
chr14_0_10000000	0	0	0	0	0	0	0	0	0	0	0	0	0	0	0	0	0	0	0	0	0	0	0	0	0	0	0	0	0	0	0	0	0	0	0	0
chr14_10000000_20000000	0	0	0	0	0	0	0	0	0	0	0	0	0	0	0	0	0	0	0	0	0	0	0	0	0	0	0	0	0	0	0	0	0	0	0	0
chr14_20000000_30000000	0	0	0	0	0	0	0	0	0	0	0	0	0	0	0	0	0	0	0	0	0	0	0	0	0	1	0	0	0	1	0	0	0	0	0	0
chr14_30000000_40000000	0	0	0	0	0	0	0	0	0	0	0	0	0	0	0	0	0	0	0	0	1	0	0	0	0	1	0	0	0	1	0	0	0	0	0	0
chr14_40000000_50000000	0	0	0	0	0	0	0	0	0	0	0	0	0	0	0	0	0	0	0	0	1	0	0	0	0	1	0	0	0	1	0	0	0	0	0	0
chr14_50000000_60000000	0	0	0	0	0	0	0	0	0	0	0	0	0	0	0	0	0	0	0	0	1	0	0	0	0	1	0	0	0	1	0	0	0	0	0	0
chr14_60000000_70000000	0	0	0	0	0	0	0	0	0	0	0	0	0	0	0	0	0	0	0	0	1	0	0	0	0	1	0	0	0	1	0	0	0	0	0	0
chr14_70000000_80000000	0	0	0	0	0	0	0	0	0	0	0	0	0	0	0	0	0	0	0	0	1	0	0	0	0	1	0	0	0	1	0	0	0	0	0	0
chr14_80000000_90000000	0	0	0	0	0	0	0	0	0	0	0	0	0	0	0	0	0	0	0	0	1	0	0	0	0	1	0	0	0	1	0	0	0	0	0	0
chr14_90000000_100000000	0	0	0	0	0	0	0	0	0	0	0	0	0	0	0	0	0	0	0	0	1	0	0	0	0	1	0	0	0	1	0	0	0	0	0	0
chr14_100000000_107349540	0	0	0	0	0	0	0	0	0	0	0	0	0	0	0	0	0	0	0	0	1	0	0	0	0	1	0	0	0	1	0	0	0	0	0	0
chr15_0_10000000	0	0	0	0	0	0	0	0	0	0	0	0	0	0	0	0	0	0	0	0	0	0	0	0	0	0	0	0	0	0	0	0	0	0	0	0
chr15_10000000_20000000	0	0	0	0	0	0	0	0	0	0	0	0	0	0	0	0	0	0	0	0	0	0	0	0	0	0	0	0	0	0	0	0	0	0	0	0
chr15_20000000_30000000	0	0	0	0	0	0	0	0	0	0	0	0	0	0	0	0	0	1	0	0	0	0	0	0	0	0	0	0	0	0	0	0	0	0	0	0
chr15_30000000_40000000	0	0	0	0	0	0	0	0	0	0	0	0	0	0	0	0	0	1	0	0	0	0	0	0	0	0	0	0	0	0	0	0	0	0	0	0
chr15_40000000_50000000	0	0	0	0	0	0	0	0	0	0	0	0	0	0	0	0	0	1	0	0	0	0	0	0	0	0	0	0	0	1	0	0	0	0	0	0
chr15_50000000_60000000	0	0	0	0	0	0	0	0	0	0	0	0	0	0	0	0	0	0	0	0	0	0	0	0	0	0	0	0	0	1	0	0	0	0	0	0
chr15_60000000_70000000	0	0	0	0	0	0	0	0	0	0	0	0	0	0	0	0	0	0	0	0	0	0	0	0	0	0	0	0	0	1	0	0	0	0	0	0
chr15_70000000_80000000	0	0	0	0	0	0	0	0	0	0	0	0	0	0	0	0	0	0	0	0	0	0	0	0	0	0	0	0	0	1	0	0	0	0	0	0
chr15_80000000_90000000	0	0	0	0	0	0	0	0	0	0	0	0	0	0	0	0	0	0	0	0	0	0	0	0	0	0	0	0	0	1	0	0	0	0	0	0
chr15_90000000_100000000	0	0	0	0	0	0	0	0	0	0	0	0	0	0	0	0	0	0	0	0	0	0	0	0	0	0	0	0	0	1	0	0	0	0	0	0
chr15_100000000_102531392	0	0	0	0	0	0	0	0	0	0	0	0	0	0	0	0	0	0	0	0	0	0	0	0	0	0	0	0	0	1	0	0	0	0	0	0
chr16_0_10000000	0	0	0	0	0	0	0	0	1	0	0	0	0	0	0	1	0	0	0	0	0	0	0	0	0	0	0	0	0	0	0	1	0	1	0	0
chr16_10000000_20000000	0	0	0	0	0	0	0	0	1	0	0	0	0	0	0	1	0	0	0	0	0	0	0	0	0	1	0	0	0	0	0	1	0	1	0	0
chr16_20000000_30000000	0	0	0	0	0	0	0	0	1	0	0	0	0	0	0	1	0	0	0	0	0	0	0	0	0	1	0	0	0	0	0	1	0	1	0	0
chr16_30000000_40000000	0	0	0	0	0	0	0	0	1	0	0	0	0	0	0	1	0	0	0	0	0	0	0	0	0	1	0	0	0	0	0	1	0	1	0	0
chr16_40000000_50000000	0	0	0	0	0	0	0	0	1	0	0	0	0	0	0	1	0	0	0	0	0	0	0	0	0	1	0	0	0	0	0	1	0	1	0	0
chr16_50000000_60000000	0	0	0	0	0	0	0	0	1	0	0	0	0	0	0	1	0	0	0	0	0	0	0	0	0	1	0	0	0	0	0	1	0	1	0	0
chr16_60000000_70000000	0	0	0	0	0	0	0	0	1	0	0	0	0	0	0	1	0	0	0	0	0	0	0	0	0	1	0	0	0	0	0	1	0	1	0	0
chr16_70000000_80000000	0	0	0	0	0	0	0	0	1	0	0	0	0	0	0	1	0	0	0	0	0	0	0	0	0	1	0	0	0	0	0	1	0	1	0	0
chr16_80000000_90000000	0	0	0	0	0	0	0	0	1	0	0	0	0	0	0	0	0	0	0	0	0	0	0	0	0	1	0	0	0	0	0	0	0	1	0	0
chr16_90000000_90354753	0	0	0	0	0	0	0	0	0	0	0	0	0	0	0	0	0	0	0	0	0	0	0	0	0	0	0	0	0	0	0	0	0	0	0	0
chr17_0_10000000	0	0	0	0	0	2	1	0	0	0	0	0	0	0	0	0	0	0	0	0	0	0	0	0	0	0	0	1	0	0	1	0	0	0	1	0
chr17_10000000_20000000	0	0	0	0	0	2	1	0	2	0	0	0	0	0	0	1	0	0	0	0	0	0	0	0	0	0	0	1	1	0	1	0	0	0	1	0
chr17_20000000_30000000	0	0	0	0	0	2	1	0	2	0	0	0	0	0	0	1	0	0	0	0	0	0	0	0	0	0	0	1	1	0	1	0	0	0	1	0
chr17_30000000_40000000	0	0	0	0	0	2	1	0	2	0	0	0	0	0	0	1	0	0	0	0	0	0	0	1	0	0	0	1	1	0	1	0	0	0	1	0
chr17_40000000_50000000	0	0	0	0	0	2	1	0	2	0	0	0	0	0	0	1	1	1	0	0	0	0	0	1	0	0	0	1	1	0	1	0	0	0	1	0
chr17_50000000_60000000	0	0	0	0	0	0	1	0	2	0	0	0	0	0	0	1	0	1	0	0	0	0	0	1	0	0	0	1	0	0	1	0	0	0	1	0
chr17_60000000_70000000	0	0	0	0	0	0	1	0	2	0	0	0	0	0	0	1	0	1	0	0	0	0	0	1	0	0	0	1	0	0	1	0	0	0	1	0
chr17_70000000_80000000	0	0	0	0	0	0	1	0	2	0	0	0	0	0	0	1	0	1	0	0	0	0	0	1	0	0	0	1	0	0	0	0	0	0	1	0
chr17_80000000_81195210	0	0	0	0	0	0	1	0	0	0	0	0	0	0	0	1	0	1	0	0	0	0	0	1	0	0	0	1	0	0	0	0	0	0	1	0
chr18_0_10000000	0	0	0	0	0	0	0	0	0	0	0	0	0	0	0	0	0	0	0	0	0	0	0	0	1	0	0	0	0	0	0	0	0	0	0	0
chr18_10000000_20000000	0	0	0	0	0	0	0	0	0	0	0	0	0	0	0	0	0	0	2	0	0	0	0	0	1	0	0	0	0	0	0	0	0	0	0	0
chr18_20000000_30000000	0	0	0	0	0	0	0	0	0	0	0	0	0	0	0	0	0	0	2	0	0	0	0	0	1	0	0	0	0	0	0	0	0	0	0	0
chr18_30000000_40000000	0	0	0	0	0	0	0	0	0	0	0	0	0	0	0	0	0	0	2	0	0	0	0	0	1	0	0	0	0	0	0	0	0	0	0	0
chr18_40000000_50000000	0	0	0	0	0	0	0	0	0	0	0	0	0	0	0	0	0	0	2	0	0	0	0	0	1	0	0	0	0	0	0	0	0	0	0	0
chr18_50000000_60000000	0	0	0	0	0	0	0	0	0	0	0	0	0	0	0	0	0	0	2	0	0	0	0	0	1	0	0	0	0	0	0	0	0	0	0	0
chr18_60000000_70000000	0	0	0	0	0	0	0	0	0	0	0	0	0	0	0	0	0	0	2	0	0	0	0	0	1	0	0	0	0	0	0	0	0	0	0	0
chr18_70000000_78077248	0	0	0	0	0	0	0	0	0	0	0	0	0	0	0	0	0	0	2	0	0	0	0	0	1	0	0	0	0	0	0	0	0	0	0	0
chr19_0_10000000	0	0	0	0	0	0	0	0	1	0	0	0	0	0	1	0	0	0	0	0	0	0	1	1	0	0	0	0	0	2	0	0	0	0	0	0
chr19_10000000_20000000	0	0	0	0	0	0	0	0	1	0	0	0	0	0	1	0	0	0	0	0	0	0	1	1	0	0	0	0	0	2	0	0	0	0	0	0
chr19_20000000_30000000	0	0	0	0	0	0	0	0	1	0	0	0	0	0	1	0	0	0	0	0	0	0	1	1	0	0	0	0	0	2	0	0	0	0	0	0
chr19_30000000_40000000	0	0	0	0	0	0	0	0	1	0	0	0	0	0	1	0	0	0	0	0	0	0	1	1	0	0	0	0	0	2	0	0	0	0	0	0
chr19_40000000_50000000	0	0	0	0	0	0	0	0	1	0	0	0	0	0	1	0	0	0	0	0	0	0	0	1	0	0	0	0	0	2	0	0	0	0	0	0
chr19_50000000_59128983	0	0	0	0	0	0	0	0	1	0	0	0	0	0	1	0	0	0	0	0	0	0	0	0	0	0	0	0	0	0	0	0	0	0	0	0
chr20_0_10000000	0	0	0	0	0	0	1	0	0	0	0	0	0	0	0	0	0	0	0	0	1	0	0	0	0	0	0	1	0	0	0	0	0	0	0	0
chr20_10000000_20000000	0	0	0	0	0	1	1	0	1	0	0	0	0	0	0	0	0	0	0	0	1	0	0	0	0	0	0	1	0	1	0	0	0	0	0	0
chr20_20000000_30000000	0	0	0	0	0	1	1	0	1	0	0	0	0	2	0	0	0	0	0	0	1	0	0	0	0	1	0	1	0	1	0	0	0	0	0	0
chr20_30000000_40000000	0	0	0	0	0	1	0	0	1	0	0	0	0	2	0	0	0	0	0	0	1	0	0	0	0	1	0	1	0	1	0	0	0	0	0	0
chr20_40000000_50000000	0	0	0	0	0	1	0	0	1	0	0	0	0	2	0	0	0	0	0	0	1	0	0	0	0	1	0	1	0	1	0	0	0	0	0	0
chr20_50000000_60000000	0	0	0	0	0	1	0	0	1	0	0	0	0	2	0	0	0	0	0	0	1	0	0	0	0	0	0	1	0	1	0	0	0	0	0	0
chr20_60000000_63025520	0	0	0	0	0	1	0	0	1	0	0	0	0	0	0	0	0	0	0	0	0	0	0	0	0	0	0	1	0	1	0	0	0	0	0	0
chr21_0_10000000	0	0	0	0	0	0	0	0	0	0	0	0	0	0	0	0	0	0	0	0	0	0	0	0	0	0	0	0	0	0	0	0	0	0	0	0
chr21_10000000_20000000	0	0	0	0	0	0	0	0	0	0	0	0	0	0	0	0	0	0	0	0	0	0	0	0	0	0	0	0	0	0	0	0	0	0	0	0
chr21_20000000_30000000	0	0	0	0	0	0	0	0	0	0	0	0	0	0	0	0	0	0	0	0	0	0	0	0	0	0	0	0	0	0	0	0	0	0	0	0
chr21_30000000_40000000	0	0	0	0	0	0	0	0	0	0	0	0	0	0	0	0	0	0	0	0	0	0	0	0	0	0	0	0	0	0	0	0	0	0	0	0
chr21_40000000_48129895	0	0	0	0	0	0	0	0	0	0	0	0	0	0	0	0	0	0	0	0	0	0	0	0	0	0	0	0	0	0	0	0	0	0	0	0
chr22_0_10000000	0	0	0	0	0	0	0	0	0	0	0	0	0	0	0	0	0	0	0	0	0	0	0	0	0	0	0	0	0	0	0	0	0	0	0	0
chr22_10000000_20000000	0	0	0	0	2	0	0	0	0	0	0	0	0	0	0	0	0	0	0	0	0	0	0	0	0	0	0	0	0	0	0	0	0	0	0	0
chr22_20000000_30000000	0	0	0	0	2	1	0	0	0	0	0	0	0	0	0	0	0	0	0	0	0	0	0	0	0	0	0	0	0	0	0	0	0	0	0	0
chr22_30000000_40000000	0	0	0	0	2	1	0	0	0	0	0	0	0	0	0	0	0	0	0	0	0	0	0	0	1	0	0	0	0	0	0	0	0	0	0	0
chr22_40000000_50000000	0	0	0	0	2	1	0	0	0	0	0	0	0	0	0	0	0	0	0	0	0	0	0	0	1	0	0	0	0	0	0	0	0	0	0	0
chr22_50000000_51304566	0	0	0	0	2	0	0	0	0	0	0	0	0	0	0	0	0	0	0	0	0	0	0	0	0	0	0	0	0	0	0	0	0	0	0	0
chrY_0_10000000	0	0	0	0	0	0	0	0	0	0	0	0	0	0	0	0	0	0	0	0	0	0	0	0	0	0	0	0	0	0	0	0	0	0	0	0
chrY_10000000_20000000	0	0	0	0	0	0	0	0	0	0	0	0	0	0	0	0	0	0	0	0	0	0	0	0	0	0	0	0	0	0	0	0	0	0	0	0
chrY_20000000_30000000	0	0	0	0	0	0	0	0	0	0	0	0	0	0	0	0	0	0	0	0	0	0	0	0	0	0	0	0	0	0	0	0	0	0	0	0
chrY_30000000_40000000	0	0	0	0	0	0	0	0	0	0	0	0	0	0	0	0	0	0	0	0	0	0	0	0	0	0	0	0	0	0	0	0	0	0	0	0
chrY_40000000_50000000	0	0	0	0	0	0	0	0	0	0	0	0	0	0	0	0	0	0	0	0	0	0	0	0	0	0	0	0	0	0	0	0	0	0	0	0
chrY_50000000_59373566	0	0	0	0	0	0	0	0	0	0	0	0	0	0	0	0	0	0	0	0	0	0	0	0	0	0	0	0	0	0	0	0	0	0	0	0
chrX_0_10000000	0	0	0	0	1	0	0	0	0	0	0	1	1	0	0	0	0	2	0	0	0	0	0	0	0	0	0	0	0	0	0	0	0	0	0	1
chrX_10000000_20000000	0	0	0	0	1	0	0	0	0	0	0	1	1	0	0	0	0	2	0	0	0	0	0	0	0	0	0	0	0	0	0	0	0	0	0	1
chrX_20000000_30000000	0	0	0	0	1	0	0	0	0	0	0	1	1	0	0	0	0	2	0	0	0	0	0	0	0	0	0	0	0	0	0	0	0	0	0	1
chrX_30000000_40000000	0	0	0	0	1	0	0	0	0	0	0	1	1	0	0	0	1	2	0	0	0	0	0	0	0	0	0	0	0	0	0	0	0	0	0	1
chrX_40000000_50000000	0	0	0	0	1	0	0	0	0	0	0	1	1	0	0	0	1	2	0	0	0	0	0	0	0	0	0	0	0	0	0	0	0	0	0	1
chrX_50000000_60000000	0	0	0	0	1	0	0	0	0	0	0	1	1	0	0	0	1	2	0	0	0	0	0	0	0	0	0	0	0	0	0	0	0	0	0	1
chrX_60000000_70000000	0	0	0	0	1	0	0	0	0	0	0	1	1	0	0	0	1	2	0	0	0	0	0	0	0	0	0	0	1	0	0	0	0	0	0	1
chrX_70000000_80000000	0	0	0	0	1	0	0	0	0	0	0	1	1	0	0	0	1	2	0	0	0	0	0	0	0	0	0	0	1	0	0	0	0	0	0	1
chrX_80000000_90000000	0	0	0	0	1	0	0	0	0	0	0	1	1	0	0	0	1	2	0	0	0	0	0	0	0	0	0	0	1	0	0	0	0	0	0	1
chrX_90000000_100000000	0	0	0	0	1	0	0	0	0	0	0	1	1	0	0	0	1	2	0	0	0	0	0	0	0	0	0	0	1	0	0	0	0	0	0	1
chrX_100000000_110000000	0	0	0	0	1	0	0	0	0	0	0	1	1	0	0	0	1	2	0	0	0	0	0	0	0	0	0	0	1	0	0	0	0	0	0	1
chrX_110000000_120000000	0	0	0	0	1	0	0	0	0	0	0	1	1	0	0	0	1	2	0	0	0	0	0	0	0	0	0	0	1	0	0	0	0	0	0	1
chrX_120000000_130000000	0	0	0	0	1	0	0	0	0	0	0	1	1	0	0	0	0	0	0	0	0	0	0	0	0	0	0	0	1	0	0	0	0	0	0	1
chrX_130000000_140000000	0	0	0	0	1	0	0	0	0	0	0	1	1	0	0	0	0	0	0	0	0	0	0	0	0	0	0	0	1	0	0	0	0	0	0	1
chrX_140000000_150000000	0	0	0	0	1	0	0	0	0	0	0	1	1	0	0	0	0	0	0	0	0	0	0	0	0	0	0	0	1	0	0	0	0	0	0	0
chrX_150000000_155270560	0	0	0	0	0	0	0	0	0	0	0	0	1	0	0	0	0	0	0	0	0	0	0	0	0	0	0	0	0	0	0	0	0	0	0	0